0.000000000000000000e+00
0.000000000000000000e+00
0.000000000000000000e+00
0.000000000000000000e+00
1.118067613680954275e-22
4.117682949095364500e-22
8.140525150353776476e-22
1.295209623862480911e-21
1.817767244637538752e-21
2.453020620003778719e-21
3.317017461102857937e-21
4.265944351635982182e-21
5.217008077467762444e-21
6.228381535385177071e-21
7.310329666452321604e-21
8.559362831584861596e-21
9.950103051355032722e-21
1.109705750222270892e-20
1.165464337306025324e-20
0.000000000000000000e+00
